VERSION_3
fu = 3057.67
fv = 3057.67
cu = 4457
cv = 4417
u_direction = 1  0  0
v_direction = 0  1  0
w_direction = 0  0  1
C = 266.943 -105.583 -2.14189
R = 0.0825447 0.996303 -0.0238243 -0.996008 0.0832884 0.0321213 0.0339869 0.0210777 0.9992
pitch = 1.0
TSAI
k1 = 0
k2 = 0
p1 = 0
p2 = 0
